254

38,1.4, 72,3, 6,5, 8,2.5, 12,
1, 13, 2, 22, 4, 7113,11, 7Π
76,1.

Β1116661666 74,1.

D. Brutus 111 11, 5, 14, 3, 7Π
9, 2, 87,1.

(Cabillonum o. Cauillonum.)
Cabirus o. Valerius.

[06661666. Calati]
Cadurci 7Π 4, 6, 64, 6, 75, 2,
711132, 1, 34, 3, - 7Π5,1,

7,1, 7Π13Ο, 1.
06661661 114,10.
06615(6)61, 11410.
0. 161166 066661 quadringenties

quinquagies 1616.

L. Caesar 7Π65,1.

Q. (Fufius) Calenus 7111 39, 4.

061611 1-166) H 4, 9, 71175, 4,
7ΠΙ7,4.

Camulogenus 71157, 3, 59, 5,
62,5.8.

0. Caninius Rebilus 7Π 83, 3,
9116, 71Π24,2; 26,1.3, 27,1.
3, 30,2, 32,1, 33,1, 344, 35,
4, 36‚1; 37,1, 39,1.4, 44, 2.

Cantabri Π126, 6.

Cantium V13,1; 14,1; 22,1.

Carcaso Π120, 2.

061611166Π35,3,725,1.4, 29,2,
56,1.4, 7Ι2,3, 3,4; 4,5, 13,
10, 44, 1, 7Π2, 1. 3, 3, 1, 11,3,
75,3, 71Π4,2.3, 5,1.2.4; 31,
1. 3,4; 383, 46,4.

Carvilius V 22, 1.

06661721,1.

Cassianus 113, 2.

L. Cassius 17, 4, 12, 5. 7.

Cas(s)ivellaunus V11,8; 18,1;
19,1, 20,1. 3, 21,2, 22, 1. 3. 5.
[7Π88,4.]

06611666 13, 4.

INDEX NOMINUM.

Catamantaloedis 13, 4.

Caturiges 110, 4.

Catuvolous V 24, 4, 26,1, 71
31, 5.

Cauarillus V1167, 7.

061611666754,2, 715, 2.

Cavillonum VH42,5; 90, 7.

Cebenna (Cevenna) VH 8, 2. 3,

- 56, 2.

Celtae 11, 1.

061111166 7114,1.

0666566616 VH 28, 4, - Cena· ’
1166666 71111, 7.

Cenabum 711 3,1. 3, 11, 3. 4. 6,
14,1; 17, 7, [28, 4,] 7Π15,2,
6,1.

Cenimagni 721,1.

06661666(6)17Π75,3

, Ceutrones 6) 110,4, b) 739,1.

(Cevenna c. Cebenna.)

Cherusci VI 10, 5.

C(h)orus 77, 3.

Q. 1611166 016616 V 24,2, 27,9,
38,4, 39,1, 40,1.7, 41,1.5.7,
45, 25, 48, 2. 38, 49, 26, 52,
1. 3. 4, 53,1, 7132,6; 36,1,
VH 90,a; 71Π46, 4.

Cimberius 137, 3.

011111111133,4,4Ο,5,1.14,2, 29,4,
71177,12.14.

Cingetbrix 6) 73, 25, 4,3, 56,
3, 57,2, 718, 9, 11) 722,1.[2.)

Cisalpina 061116 711,2.

0161666661 Germani 712, 3.

0. Fufius 0116 7Π3, 1.

Ap. Claudius (Pulcher) V 1,1.

Ρ. Clodius (Pulcher) VI11, 1.

Cocosates 1Π 27,1.

Commius IV 21, 7, 27,2, 35,1;
7223, 7164, 7Η 75, 5, 76,
1.3, 79,1, 7Π16,2,7,5, 10,4,
21, 1, 23, 2. 3. 5611616 (bis), 47,
1.2, 48, 2. 3. 5. 8.

 

