INDEX NOMINUM.

V3,4; 24,2, 53, 1, 54,4, 56, 5,
714,5, 127151119, 44,1, 7Π
63, 7, 90, 5, 71116,2(511), 11,
2, 12, 36, - 116, 4.
[1181118188 7Π88, 4.]
[Ravilus v. 01111118]
[1111868188 a. 11818188]
11(11)8111811,4.5.6, 23, 5,4,
27,4, 28,4, 31,5.11. 16, 333,
35,3; 37,3, 43,9, 44,2, 53,1,
54,1, Π3,4, 4,1, 29,4, 35,1,
1Π11,1,171,1;3,3,4,2.3.6.
7, 6,3, 10,1.3, 14,5, 15,2, 16,
11,1, 4. 6, 17,1, 19,4,’73,1.4,
24, 4, 27,8, 29, 3, 41,3, 55,1.2,
719,1, 24,1, 29, 4, 321, 35,
4.5.6, 41,1, 423, 7Π 65, 4,
71Π13, 2.
11]11)ο111111811,5, 2,3, 6,1.2.4,
8,1.4, 10,5, 11,5, 12,1, 33,4,
1Π1,1,7Π65,3.
1181111131,9, 71 12, 5, 71190, 8.

Romanus (-11) 2001111 18818.

L. Roscius 724, 27, 53, 0.

11111188. Sulpicium

11111811 145, 2, 7115,1, 7,1.4,
64,6, 75,3, 90, 6.

Μ.8811118111181111111[1]187Π90,4,

Sabinus v. Titurius.

Sabis 1116‚1; 18,1, (7133, 3.)

8111118511111724,1, 47,2, 53,3.

8111511110,1, 11,6, ΙΠ11,5,
7Π75, 3.

(Scaldis VI 33, 3.)

[8851811111. Segusiavi]

8861111187Π88,4.

Seduni 1111,1, 2,1, 7,1.

88111811 151, 2.

Segni 71321.

8888111881721,1.

Segbvax 7221.

Segusiuv1110,5;VH64,4;75‚2.

259

Μ. 88118181118111111111871190,4.

88151188 Π2,3, 754,2, 56,1.4,
7123, 3456, 5,2, 44,1.3,
7Π4,6, 11,1, 34,2, 56,5, 58,
3, 75,3, - VIII 30, 1.

Sequana 11,2, 71157,1.4, 58,
36. ,

Sequani 11, 5, 2, 3, 3, 4, 6,1,
8,1,9,1-4,10,1,11,1,12,1,
19,1, 31, 4. 7,10, 322345,
33, 24, 35,3, 38,1, 40,11,44,
9, 48,2; 54,2, Ι710,3; 7112,
1. 4. 6, 71166, 2, 67, 7, 75, 3,
90,4,-13,4.

ager Sequanus 131, 10.

Q. Sertorius Π123, 5.

[88811111 a. Esuvii.]

P. Sextius Baculus 1125, 1, 1Π
5, 2, 7138, 1.,4.

Τ. Sextius 711,1, 7Π49, 1, 51,
2, 90,6, 7ΙΠ11,1., .

8151181188 (8151111188) ΠΙ 27, 1.

[Siccius v. 1881118]

(Sigambri v. Sugambri.)

M. (11111118) Silanus 711, 1.

Τ. Sil(l)ius 1Π7,4, 8, 2.

[88811188 v. 88111188]

8817121,2.

8ο[1]111“1188 11120, 23, 21,1.2.

Sueba [Sueva] 153, 4.

Suebi [Suevi] 137, 3. 4, 51, 2,
54,1, Ι71,2.3, 3, 2. 4, 4,1,
7,5, 8,3; 16,5, 19,1.2.3, 71
9,8, 10, 1. 3. 45, 29, 1.

8188815188 [Suessones] Π3,5,
4,6, 12,1.4; 13,1, 7Π16,2. 3.

Sugambri 1V16‚2; 18, 2.4; 19,
4, 71355.

L. (Cornelius) 8111111214.

P. Sulpicius Rufus 17 22, 6, 7Π
90, 7.

Surus VIII 45, 2.

(Sygambria. Sugambri.)

17*

 

