INDEX NOMINUM.

37, 2. 45, 38,1, 39,6, 40, 2.8,
41,5,42,1.4, 43,1.2.3, 441,
45,1, 46,1.4, 47,1.4.5.6, 48,
34, 49,3, 50, 2. 34, 53,3.4,
1716, 7, 7 29, 3, 55, 2, 71 12, 2.
Μ. Aristius VH42,5; 43,1.
[Armorieus a. Aremoricus]
C. Ατρ111(5)111“5727,1, 28,1.
[Arudee 5. Harudee] ·
Arverni 131, 34, 45, 2, 7Π3,3,
5,5.7,7,1.5,8,2(55“5).4.5,9,5,
· 342, 37,1,38,5.7,64,6,66,1,
75, 2, 77, 3, 89, 5, 90, 2. 3, VIII
46,4; — 7Π41, 76,3, 83,6,
88,4, 7Π144,3.
(Aeedullus 71188, 4.]
Q. Atius Varus VIII 28, 2.
Atrebates H 4, 9, 16, 2, 23, 1,

1721,7;746,3,71175,3,7111 ,

7,4, 47,2, - 17 27,2, 35,1,
722,3, VI 6, 43 VH 76,3, VIII
6,2, 7,5, 21,1, 47,1.
Q. 1111115741, 10,2.
Atuatuca V132, 3. 4, 35, 8. 10.
Atuatuci· II 4, 9, 16,4, 29,1.4,
31,4, 72426115), 38,1, 2, 39,
3, 56,1,,7Ι2,3; 33, 2.
41115151Π34, Π129,3, 71146,
71Π 7, 4, - VH57,3; Aulerci
BranuorieesV1175, 2, - Aulerci
, Cenoma(n)niVII75, 3, - 41115151
Eburovices HI 17, 3, VH 75, 3.
L. Aurunculeius 05115 II 11, 3,
1722, 5, 383, 7245, 262,
28,3, 2147, 30,1, 3413, 33,2,
358, 36, 34, 37, 4, 52,4, 71
32,4, 37,8.
4115511Π27,1.
415115555157Π47,7. ·
Avaricum VH 13, 3, 15, 3, 16,
1.2, 18,1, 29,4, 30,2, 31, 34,
32,1, 47,5, 52, 2.
,1115115 Π5,4, 9, 3.

Bacenis silva 7110, 5.

Baculus v. 85111115.

(L. Corneliue)Balbus VIII praef. 1.

Baleares 11-7,1. ’

I. Balrentiue 735, 6.

Basil[i]us e. 1415115155.

Batavi 17141.

Belgae 11, 1. 2. 3. 5. 6, Π1,1,
2, 3. 6, 3, 1. 2. 4, 4, 1. 4, 5, 4,
6,1.2, 14,1.6, 15,1.5, 17,2,
19,1,1117,1, 11,2, 17 38,4,
7243, 7Π16,2, 38,1, 545.

Belgium V 12, 2, (24, 3,) 254,
VIII 46, 4. 6, 49, 1,. 54, 4.

Bellovaci [1351151581]114,5,5,3,
10,5, 13, 1, 14 2. 5, 7243,
46, 1, 71159,-2. 5, 75, 3.’5,90,5;
VIII 6, 2, 7, 1. 346, 12, 1,14,1,
15, 4, 16, 2, 17, 1, 20, 2, 21, 3.
4, 22,1,’23, 1, 88,1, - VIII
6, 2.

Βί515515123,1(615),7Π55,4.6,
63,5, 90,8, 71Π2,1, 41.

Bibrax Π6, 1.

Rumor-mur.

Bigerrienee 1Π27, 1.

8111111855 I 18, 6, 7Π5, 1. 234.
5.7,8,5;9,6,11,9,12,2,13,
3, 15,1.4, 21, 3, 29,4,’75,3,

90,6, 71Π2,-1.2, 3, 35, 42,

11,1. ·

[Blannovii 7Π75, 2.]

Β5611581151115 11234. ’

[Βο15 711 14, 5.]

Boiu) 1 5, 4, 25, 6, aaa, 29,2,
7119,6, 10, 34, 17,2.3, 75,3.

Brannoviees 1141115151.

Bratuspantium 11132.

Β1·11]1)511(11)1Ι721,5, 7 11,8. 9,
142, 21, 3. .,

Β111(1)511(11)151147,’14,4,ΙΠ8,1,
9,10; 17 20,1, 21, 31, 22,2, 23,
2, 27,2, 28,1.-2, 30,1.2; 37,1,

 

